success :
{
  "data": [
    0.05,0.02,0.01,0.08,0.04,0.07,0.1,0.03,0.05,0.02,
    0.04,0.03,0.01,0.06,0.05,0.07,0.02,0.01,0.03,0.04,
    0.05,0.02,0.01,0.06,0.05,0.07,0.02,0.01,0.03,0.04,
    0.04,0.03,0.02,0.05,0.06,0.07,0.01,0.02,0.03,0.04,
    0.05,0.02,0.01,0.06,0.05,0.07,0.02,0.01,0.03,0.04,
    0.04,0.03,0.02,0.05,0.06,0.07,0.01,0.02,0.03,0.04,
    0.05,0.02,0.01,0.06,0.05,0.07,0.02,0.01,0.03,0.04,
    0.04,0.03,0.02,0.05,0.06,0.07,0.01,0.02,0.03,0.04
  ]
}
Why this gives SUCCESS:
values are small and stable
no spikes
resembles “healthy machine baseline”
low vibration + low kurtosis
failure :
{
  "data": [
    2.5,3.2,4.1,3.8,2.9,4.5,5.1,3.7,4.9,3.3,
    3.8,4.2,5.0,6.1,4.9,5.7,6.3,5.5,4.8,5.2,
    4.9,5.6,6.2,5.9,4.7,6.4,7.1,6.8,5.5,6.0,
    4.8,5.3,6.0,6.7,5.4,7.2,8.1,6.9,5.8,6.3,
    5.1,4.9,5.7,6.2,5.3,6.8,7.5,6.6,5.9,6.4,
    6.0,6.5,7.2,7.8,6.9,8.3,9.1,7.7,6.8,7.3,
    5.9,6.4,7.0,7.6,6.5,8.0,8.7,7.4,6.6,7.1,
    6.2,6.8,7.3,7.9,6.7,8.2,9.0,7.6,6.9,7.4
  ]
}
Why this gives FAILURE:
high vibration-like values
unstable pattern
large variance across features
resembles breakdown conditions